0
0
0
0
0
.00000000051681786524
.00000001626002318405
.00000036240155496438
.00000442864063386189
.00003201836250155945
.00015492665212113504
.00055385453027899819
.00157192995335044060
.00373049420037661956
.00768911622959518609
.01415943557344106932
.02380102435962249010
.03712918482606664197
.05445430635712930513
.07585887496512667677
.10120767585290321495
.13018127731579643201
.16232185495986415994
.19708209030375483958
.23387063721589221958
.27209041069497366750
.31116817764004532233
.35057546640623800825
.38984172151951435369
.42856105742024418341
.46639406638116761722
.50306604230875761930
.53836279084405212876
.57212497126513195412
.60424169554640890355
.63464391456180381861
.66329795887109897848
.69019947270059384929
.71536788171266979023
.73884146337806914136
.76067303824897101224
.78092626650376494786
.79967251273204292112
.81698822969878504214
.83295280610867378746
.84764682213539572073
.86115065814935465953
.87354340554538105019
.88490203303677198970
.89530076668578158254
.90481064690905427044
.91349923048887515154
.92143041009282542707
.92866432787800978157
.93525736339989433743
.94126217925871907535
.94672781071633844166
.95169978793237135853
.95622028153568855476
.96032826400264495271
.96405968079392728729
.96744762644252799024
.97052252181866155088
.97331228965286199499
.97584252610232555193
.97813666672096147252
.98021614566080734387
.98210054730895450744
.98380774986495595054
.98535406060170273570
.98675434273887382872
.98802213400152072508
.98916975704491544087
.99020842200698509628
.99114832150692065424
.99199871844740850378
.99276802700214286482
.99346388718293073641
.99409323338434446031
.99466235730059293135
.99517696560076782212
.99564223273625088950
.99606284923895025485
.99644306585205403945
.99678673381685291128
.99709734162044289331
.99737804849020718604
.99763171490222143395
.99786093035237998706
.99806803862128456521
.99825516074690165630
.99842421590276900918
.99857694036416923239
.99871490473021796722
.99883952955624310647
.99895209953815215259
.99905377637867734740
.99914561045442430659
.99922855139249506859
.99930345765607210243
.99937110522969475193
.99943219548699136361
.99948736231630616039
.99953717857293738997
.99958216192054096489
